10,5599,0.000874407,8.761e-06,6.43942,0.00245948,0.0120568
11,7496,0.000740602,7.598e-06,10.5371,0.00221155,0.0120798
12,9785,0.000693557,7.616e-06,14.6173,0.00226837,0.0125702
13,12498,0.000822082,7.995e-06,18.9194,0.00242335,0.0132451
14,15674,0.000989412,7.78e-06,24.3813,0.0025382,0.0145706
15,19342,0.00113544,8.61e-06,30.1762,0.00271013,0.0153828
16,23541,0.00128285,7.889e-06,35.9359,0.00295321,0.0164085
17,28309,0.00150969,8.284e-06,44.8939,0.00301925,0.017311
18,33677,0.00176712,8.466e-06,52.4958,0.00325129,0.0184816
19,39685,0.00199764,7.979e-06,59.1414,0.0035887,0.0206369
20,46369,0.00222311,7.885e-06,69.5022,0.00375487,0.0203792
21,53761,0.00257195,8.023e-06,77.5462,0.00409602,0.0215344
22,61907,0.00294319,8.087e-06,88.2683,0.00434007,0.0227756
23,70832,0.00328912,7.884e-06,100.844,0.00454322,0.0237221
24,80582,0.00360228,8.188e-06,116.26,0.00467726,0.0253275
25,91186,0.00421272,8.445e-06,123.06,0.00520775,0.0265614
26,102688,0.00463119,8.243e-06,135.527,0.00553726,0.0278037
27,115121,0.00521556,7.926e-06,152.053,0.00574489,0.0288654
28,128495,0.00567974,7.971e-06,148.565,0.00680511,0.0377108
29,142913,0.00626399,8.286e-06,167.785,0.00693998,0.0401902
30,158342,0.00713871,8.346e-06,181.449,0.00735446,0.0418192
31,174855,0.00756823,8.972e-06,189.702,0.0080261,0.0442404
32,192451,0.00831488,8.555e-06,209.944,0.00823877,0.0456677
33,211215,0.00914937,8.17e-06,224.415,0.00872243,0.047624
34,231151,0.0101875,8.566e-06,230.906,0.00955764,0.0506844
35,252309,0.0107302,8.106e-06,236.683,0.0104762,0.0517324
36,274711,0.0117408,8.317e-06,186.698,0.0148722,0.0579498
37,298400,0.0128252,8.077e-06,159.322,0.0194549,0.0637851
38,323321,0.0139253,8.02e-06,155.483,0.0221833,0.0685766
39,349805,0.0148094,8.053e-06,162.123,0.0236204,0.0720006
40,377574,0.0159195,8.235e-06,164.901,0.025707,0.075399
41,406789,0.0171658,7.909e-06,163.954,0.0285507,0.0801287
42,437446,0.0186782,7.891e-06,166.615,0.0309471,0.0824133
43,469614,0.0197113,8.097e-06,165.205,0.0343024,0.0884615
44,503342,0.0207525,8.218e-06,169.097,0.0367532,0.094002
45,538599,0.0224375,7.871e-06,169.592,0.0401022,0.102723
46,575551,0.0241175,8.003e-06,168.909,0.0439802,0.108599
47,614101,0.0262899,8.422e-06,169.149,0.047876,0.115586
48,654335,0.0271684,8.028e-06,171.342,0.0514291,0.120296
49,696289,0.0287293,7.9e-06,174.545,0.0548391,0.124392
50,739999,0.0307273,8.03e-06,172.429,0.0601988,0.132914
51,785501,0.0324474,7.833e-06,176.302,0.0637439,0.141325
52,832831,0.034129,1.8811e-05,177.941,0.0682729,0.151656
53,881901,0.0363386,8.274e-06,179.127,0.0731967,0.166076
54,932981,0.0387447,7.96e-06,181.253,0.0779693,0.174007
55,986149,0.0408313,8.147e-06,182.69,0.0832741,0.181059
56,1041151,0.0430439,8.14e-06,182.004,0.0898515,0.191371
57,1098161,0.0456826,8.297e-06,182.476,0.0962114,0.208316
58,1157215,0.0486371,8.26e-06,185.277,0.101601,0.216667
59,1218301,0.0509631,8.057e-06,184.971,0.108986,0.225949
60,1281599,0.0535925,7.703e-06,187.821,0.114819,0.240666
61,1346937,0.0567161,7.963e-06,190.364,0.121043,0.256626
62,1414591,0.0602145,8.319e-06,192.143,0.128006,0.27221
63,1484426,0.0632016,8.567e-06,195.104,0.134417,0.283482
64,1556479,0.066003,7.823e-06,197.674,0.141314,0.301878
65,1630849,0.07004,8.054e-06,196.796,0.151047,0.32228
66,1707551,0.0731566,8.3e-06,197.847,0.159727,0.344598
67,1786621,0.0767367,8.53e-06,199.047,0.168629,0.366686
68,1868095,0.079983,8.097e-06,200.409,0.17773,0.389566
69,1952009,0.0839727,8.354e-06,201.901,0.187049,0.411312
70,2038399,0.088293,8.04e-06,202.905,0.197174,0.441478
71,2127301,0.0918498,8.046e-06,203.678,0.207917,0.459256
72,2218751,0.0951701,8.007e-06,205.153,0.218324,0.486985
73,2312785,0.0998241,7.963e-06,206.591,0.229128,0.508441
74,2409439,0.104677,8.251e-06,206.867,0.241645,0.535557
75,2508749,0.108639,8.057e-06,207.448,0.254286,0.565043
76,2610751,0.112542,8.808e-06,209.051,0.266092,0.590769
77,2715481,0.117426,8.164e-06,209.966,0.279182,0.626649
78,2822975,0.122876,7.849e-06,211.171,0.292321,0.649662
79,2933269,0.127133,7.879e-06,211.897,0.306578,0.678384
80,3046399,0.131308,7.723e-06,213.108,0.320595,0.712597
81,3162397,0.137243,8.331e-06,213.971,0.335598,0.747686
82,3281311,0.143155,7.883e-06,215.461,0.350074,0.783851
83,3403165,0.147916,8.227e-06,215.328,0.367722,0.821601
84,3527999,0.153195,8.237e-06,216.069,0.384477,0.855946
85,3655849,0.158671,7.813e-06,216.425,0.402483,0.899892
86,3786751,0.165682,8.098e-06,217.416,0.419872,0.941246
87,3920741,0.170928,8.064e-06,216.979,0.440662,0.984712
88,4057855,0.176202,7.977e-06,218.207,0.458715,1.02475
89,4198129,0.183356,7.796e-06,218.896,0.478447,1.07402
90,4341599,0.190579,8.302e-06,219.772,0.498357,1.11856
91,4488301,0.196314,8.107e-06,220.769,0.518562,1.16316
92,4638271,0.202622,8.071e-06,221.133,0.54088,1.21438
93,4791485,0.209989,8.131e-06,217.977,0.572991,1.27311
94,4948159,0.216849,8.335e-06,222.46,0.58603,1.3159
95,5108145,0.222979,8.156e-06,222.617,0.610976,1.36746
96,5271551,0.229486,7.789e-06,222.734,0.636816,1.42004
97,5438401,0.238903,8.04e-06,223.596,0.66125,1.48234
98,5608731,0.24662,8.24e-06,224.182,0.687183,1.53792
99,5782589,0.253946,8.15e-06,223.9,0.716607,1.60404
100,5959983,0.260902,8.16e-06,224.196,0.74506,1.667
101,6141001,0.270315,8.595e-06,225.074,0.772335,1.73164
102,6325631,0.280459,8.449e-06,225.131,0.803222,1.7987
103,6514000,0.288259,8.067e-06,225.739,0.832989,1.86832
104,6705919,0.295976,8.267e-06,226.274,0.863804,1.93911
105,6901649,0.305651,8.16e-06,225.684,0.899903,2.01535
106,7101151,0.31605,8.276e-06,226.712,0.930487,2.0946
107,7304542,0.324458,8.091e-06,226.564,0.966789,2.16987
108,7511648,0.333483,8.01e-06,226.752,1.00265,2.24808
109,7722649,0.343374,7.869e-06,227.262,1.03802,2.32924
110,7937599,0.355061,7.916e-06,227.438,1.07586,2.41383
111,8156433,0.363436,7.81e-06,227.61,1.11472,2.50306
112,8379391,0.373607,8.186e-06,228.002,1.15351,2.58574
113,8606305,0.38437,8.363e-06,228.145,1.19457,2.67922
114,8837239,0.397728,7.935e-06,228.541,1.23532,2.76998
115,9072345,0.407598,7.968e-06,228.627,1.27882,2.86721
116,9311551,0.416469,8.025e-06,228.323,1.32571,2.97864
117,9554921,0.428821,8.363e-06,228.876,1.36875,3.0737
118,9802495,0.442047,9.116e-06,229.112,1.41475,3.17652
119,10054309,0.452538,8.26e-06,229.264,1.46242,3.28163
120,10310399,0.463217,8.15e-06,229.537,1.51046,3.38767
121,10570781,0.476419,8.07e-06,229.588,1.56115,3.50271
122,10835551,0.490837,8.298e-06,229.73,1.61247,3.62094
123,11104685,0.502301,7.703e-06,229.89,1.66489,3.74385
124,11378239,0.514535,8.044e-06,229.989,1.71903,3.85421
