10,5599,0.000881194,1.107e-05,6.64137,0.0026256,0.0140794
11,7496,0.000914502,2.499e-06,8.94806,0.00286608,0.0152446
12,9785,0.00106156,2.433e-06,11.6447,0.00313235,0.016687
13,12498,0.00131065,2.521e-06,14.9055,0.00338251,0.0183597
14,15675,0.00160599,2.412e-06,18.6018,0.00365741,0.0193741
15,19343,0.00185761,2.412e-06,23.0276,0.00390335,0.0207461
16,23541,0.00214044,2.538e-06,27.997,0.00416515,0.02211
17,28309,0.00255894,2.998e-06,32.7816,0.00454246,0.0236199
18,33678,0.00303882,2.514e-06,35.4759,0.0052847,0.0255425
19,39685,0.00343304,2.501e-06,43.5786,0.00534877,0.0267909
20,46369,0.00386332,2.428e-06,50.4374,0.00568172,0.0281911
21,53765,0.0044834,2.506e-06,61.0993,0.00570822,0.0286436
22,61906,0.00439257,2.341e-06,74.7378,0.00562722,0.0279011
23,70833,0.00495303,2.341e-06,86.5503,0.00581089,0.0275352
24,80590,0.00538644,1.814e-06,101.675,0.00587077,0.0307756
25,91184,0.0061148,1.802e-06,108.005,0.00651226,0.0357223
26,102675,0.0069621,1.721e-06,127.637,0.00645176,0.0339768
27,115112,0.00617684,2.118e-06,145.85,0.00657185,0.030316
28,128512,0.00674093,2.085e-06,146.832,0.00755599,0.0411748
29,142913,0.00756965,1.992e-06,164.686,0.00775772,0.0424982
30,158341,0.00832721,2.13e-06,178.817,0.00818744,0.0440349
31,174852,0.00759569,2.107e-06,215.076,0.00776613,0.0437129
32,192454,0.00821339,2.136e-06,230.555,0.00823004,0.0456388
33,211202,0.00904501,2.109e-06,241.225,0.00890078,0.0475311
34,231159,0.0100352,2.15e-06,260.007,0.00931047,0.0494491
35,252308,0.0107554,2.049e-06,230.335,0.0118073,0.0534872
36,274708,0.0115262,2.07e-06,209.632,0.014527,0.0575476
37,298283,0.0125425,2.052e-06,169.745,0.0200207,0.0646038
38,323411,0.0138005,2.142e-06,178.603,0.0211842,0.0674627
39,349801,0.0147893,2.092e-06,179.235,0.0234302,0.0711173
40,377580,0.0156565,2.18e-06,180.477,0.0257583,0.0746809
41,406791,0.0170033,2.121e-06,179.053,0.0286682,0.0784798
42,437471,0.0184082,2.129e-06,182.31,0.0310152,0.0829045
43,469639,0.0196002,2.04e-06,180.671,0.0343951,0.0873556
44,503353,0.0207546,2.203e-06,181.208,0.0376068,0.0946119
45,538617,0.0223043,2.132e-06,185.533,0.0401939,0.10289
46,575551,0.0240251,2.126e-06,188.058,0.0433116,0.108016
47,614182,0.0254036,2.167e-06,188.823,0.0470275,0.113999
48,654335,0.0268083,2.144e-06,188.465,0.0512632,0.119865
49,696289,0.0286581,2.146e-06,190.202,0.0551745,0.125297
50,739999,0.0306604,2.149e-06,189.695,0.059991,0.132269
51,785501,0.0323488,2.122e-06,194.751,0.0632635,0.140013
52,832819,0.0340022,2.186e-06,195.315,0.0681885,0.15063
53,881953,0.0361841,2.15e-06,196.681,0.0730859,0.166172
54,933200,0.0387443,2.174e-06,197.532,0.0784456,0.175043
55,986149,0.0406455,2.111e-06,202.357,0.0824156,0.180146
56,1041151,0.0429051,2.103e-06,199.217,0.0899868,0.191551
57,1098161,0.0455532,2.095e-06,200.026,0.0962137,0.208596
58,1157215,0.0485775,2.09e-06,204.455,0.100927,0.216093
59,1218349,0.0509575,2.136e-06,206.991,0.106762,0.224553
60,1281555,0.0536724,2.204e-06,209.378,0.112898,0.240406
61,1346901,0.056683,2.13e-06,208.615,0.12107,0.255315
62,1414591,0.0601098,2.152e-06,211.491,0.127474,0.269381
63,1484480,0.0629768,6.46e-06,214.597,0.133956,0.28269
64,1556479,0.0656518,2.19e-06,216.693,0.141299,0.302803
65,1630849,0.069424,2.15e-06,216.081,0.150783,0.326479
66,1707551,0.0729949,2.205e-06,218.243,0.158711,0.340463
67,1786621,0.0760673,2.209e-06,218.561,0.168325,0.364702
68,1868125,0.0791343,2.156e-06,220.891,0.176741,0.385484
69,1951977,0.083044,2.136e-06,220.934,0.187348,0.410827
70,2038399,0.0883015,2.163e-06,222.408,0.197156,0.439426
71,2127301,0.0909916,2.213e-06,224.429,0.206808,0.460394
72,2218751,0.0947083,2.275e-06,226.024,0.217187,0.48614
73,2312785,0.0998853,2.202e-06,226.43,0.229118,0.511502
74,2409439,0.105238,2.176e-06,228.031,0.240258,0.533344
75,2508749,0.110443,2.191e-06,228.489,0.253027,0.562937
76,2610751,0.113484,2.206e-06,229.131,0.26607,0.590204
77,2715481,0.118384,2.166e-06,230.774,0.278382,0.624109
78,2822975,0.124202,2.281e-06,231.936,0.291684,0.645908
79,2933269,0.128439,2.212e-06,232.349,0.306413,0.679674
80,3046399,0.132616,2.18e-06,234.063,0.319892,0.707008
81,3162401,0.138568,2.169e-06,231.086,0.340548,0.750703
82,3281349,0.144985,2.183e-06,235.839,0.3505,0.784819
83,3403165,0.149537,2.196e-06,236.636,0.3667,0.817109
84,3527999,0.155362,2.232e-06,236.44,0.385041,0.851602
85,3655849,0.162752,2.128e-06,237.891,0.401274,0.895523
86,3786751,0.172848,2.15e-06,238.896,0.418755,0.939592
87,3920741,0.176552,6.29e-06,239.087,0.438254,0.980476
88,4057855,0.180595,2.223e-06,239.912,0.457208,1.01871
89,4198129,0.187122,2.263e-06,240.161,0.477883,1.06649
90,4341599,0.193522,2.264e-06,241.16,0.497688,1.11443
91,4488301,0.199897,2.195e-06,241.25,0.520019,1.1627
92,4638271,0.205627,2.173e-06,241.621,0.542455,1.21075
93,4791545,0.212853,2.146e-06,242.989,0.563275,1.25878
94,4948059,0.220936,2.16e-06,243.241,0.587311,1.31069
95,5108129,0.227827,2.173e-06,243.881,0.61114,1.36513
96,5271551,0.234047,2.174e-06,244.579,0.635501,1.41566
97,5438397,0.242464,2.33e-06,244.842,0.661722,1.47895
98,5608735,0.251531,2.258e-06,245.495,0.687641,1.53624
99,5782589,0.259679,2.232e-06,245.61,0.715843,1.59989
100,5959999,0.266003,2.219e-06,246.057,0.743894,1.66173
101,6141001,0.275192,2.277e-06,246.011,0.774283,1.72879
102,6325631,0.286081,2.203e-06,246.662,0.80332,1.79681
103,6513885,0.295269,2.145e-06,246.88,0.834591,1.86585
104,6705919,0.304488,2.253e-06,247.598,0.865009,1.93497
105,6901649,0.31205,2.193e-06,247.634,0.898673,2.00611
106,7101151,0.324043,2.181e-06,248.315,0.930882,2.08671
107,7304461,0.331247,2.232e-06,248.289,0.966657,2.16639
108,7511591,0.338436,2.243e-06,248.696,1.0017,2.2428
109,7722649,0.349377,2.144e-06,248.852,1.03872,2.327
110,7937599,0.360094,2.246e-06,249.525,1.07451,2.40701
111,8156501,0.369643,2.253e-06,249.323,1.11507,2.49468
112,8379391,0.378574,2.247e-06,249.908,1.15314,2.58094
113,8606305,0.390472,2.226e-06,249.173,1.19845,2.6763
114,8837279,0.403588,2.16e-06,250.258,1.23611,2.76732
115,9072349,0.412022,2.245e-06,250.278,1.28001,2.86206
116,9311551,0.423189,2.266e-06,250.206,1.32554,2.96561
117,9554921,0.43539,2.142e-06,251.237,1.36627,3.06443
118,9802495,0.447541,2.188e-06,251.116,1.41432,3.16989
119,10054323,0.458945,2.284e-06,251.241,1.4622,3.27475
120,10310399,0.468704,2.233e-06,251.66,1.50951,3.38143
121,10570801,0.482016,2.244e-06,251.488,1.56159,3.49719
122,10835551,0.496579,2.248e-06,251.209,1.6157,3.61785
123,11104685,0.509088,2.24e-06,252.495,1.66088,3.72664
124,11378239,0.521943,2.271e-06,251.859,1.71995,3.8525
