10,5599,0.000924408,7.842e-06,4.41432,0.00239185,0.0117098
11,7496,0.000700401,7.863e-06,7.19385,0.00215956,0.0118609
12,9785,0.000723986,7.983e-06,10.0561,0.00219817,0.0125282
13,12499,0.000831297,7.922e-06,12.7269,0.00240181,0.01353
14,15674,0.000987525,8.048e-06,15.7794,0.00261458,0.0148922
15,19342,0.00112628,8.035e-06,20.1876,0.00270071,0.0153775
16,23541,0.00128693,8.114e-06,23.6392,0.00299294,0.0170371
17,28307,0.0014921,7.87e-06,28.7465,0.00314329,0.0173747
18,33677,0.00177173,7.955e-06,33.7181,0.00337462,0.0185602
19,39683,0.00197103,7.814e-06,39.4764,0.00358411,0.0198984
20,46367,0.00224069,8.174e-06,50.1393,0.00346982,0.0201606
21,53763,0.002538,7.762e-06,50.6587,0.00418015,0.0216477
22,61906,0.00295286,8.159e-06,63.155,0.00404386,0.022605
23,70834,0.00324452,8.401e-06,68.1764,0.0044802,0.024042
24,80581,0.00363318,7.673e-06,76.8474,0.00471734,0.0248803
25,91184,0.00405348,8.194e-06,86.5485,0.00493638,0.0258052
26,102687,0.00464032,8.69e-06,99.2849,0.00503898,0.0270688
27,115117,0.00513896,8.14e-06,111.844,0.0052067,0.0278566
28,128509,0.00554137,7.811e-06,115.22,0.00585026,0.0305421
29,142914,0.00622962,8.365e-06,118.681,0.00654094,0.0332931
30,158333,0.00696874,8.25e-06,130.421,0.00682098,0.0341944
31,174837,0.00759173,7.716e-06,140.58,0.00721978,0.0351555
32,192454,0.00811733,8.227e-06,155.344,0.00742309,0.0380905
33,211203,0.00901952,8.109e-06,166.963,0.00781549,0.0407961
34,231154,0.010044,8.021e-06,178.406,0.00824687,0.0460971
35,252304,0.0105947,8.152e-06,186.121,0.00888134,0.0503835
36,274712,0.0115501,9.109e-06,199.991,0.0092558,0.0516526
37,298417,0.0125728,8.754e-06,204.426,0.0101088,0.0537447
38,323442,0.0137109,7.807e-06,219.125,0.010497,0.0560425
39,349805,0.0147375,8.284e-06,233.268,0.0109442,0.057252
40,377582,0.0157232,7.939e-06,240.585,0.0117469,0.0595879
41,406789,0.0169761,7.987e-06,199.297,0.0156583,0.0660486
42,437454,0.0183306,8.273e-06,174.993,0.019644,0.0708223
43,469627,0.0195905,8.269e-06,170.517,0.0221564,0.0754538
44,503349,0.02073,8.203e-06,171.627,0.0241411,0.0782739
45,538624,0.0222306,7.851e-06,170.145,0.026649,0.0830073
46,575551,0.024133,8.072e-06,171.144,0.0289373,0.0871087
47,614095,0.0252176,7.856e-06,171.638,0.0314543,0.0944006
48,654315,0.0266205,7.909e-06,174.178,0.0337269,0.100879
49,696289,0.0284006,7.982e-06,172.089,0.0370813,0.105919
50,739999,0.0303995,7.978e-06,174.003,0.0397694,0.110799
51,785501,0.032068,8.069e-06,173.58,0.0431623,0.115698
52,832831,0.0337516,8.045e-06,177.877,0.0455315,0.120446
53,881965,0.0359756,8.182e-06,178.289,0.0490302,0.127234
54,933119,0.0385724,8.168e-06,180.164,0.0523004,0.133374
55,986149,0.0406291,7.803e-06,181.009,0.0560315,0.152447
56,1041151,0.0424778,7.959e-06,182.755,0.0596548,0.15996
57,1098161,0.0452655,7.869e-06,182.006,0.0643065,0.167065
58,1157215,0.0485453,7.808e-06,183.472,0.0684007,0.172869
59,1218349,0.0508061,7.858e-06,185.104,0.072608,0.178709
60,1281599,0.0531812,7.822e-06,184.003,0.0781342,0.187486
61,1346921,0.0561474,7.564e-06,185.199,0.0829449,0.202962
62,1414591,0.0594986,7.966e-06,185.956,0.0881766,0.210278
63,1484405,0.0623252,7.987e-06,186.603,0.0936924,0.220897
64,1556479,0.0651639,8.426e-06,191.688,0.0971509,0.225822
65,1630849,0.0687451,7.917e-06,188.223,0.105285,0.245447
66,1707543,0.0724553,7.976e-06,187.276,0.112495,0.265504
67,1786621,0.0759166,8.272e-06,189.732,0.117939,0.276938
68,1868095,0.0791016,7.885e-06,189.853,0.125075,0.284823
69,1952009,0.0822886,8.118e-06,192.059,0.13109,0.295778
70,2038399,0.0867437,7.717e-06,191.972,0.138935,0.316101
71,2127301,0.0901143,7.858e-06,195.559,0.144366,0.326294
72,2218751,0.0942624,8.039e-06,195.101,0.153048,0.345678
73,2312785,0.0990175,8.421e-06,198.03,0.159355,0.368766
74,2409399,0.102834,8.018e-06,197.054,0.169117,0.38473
75,2508749,0.107513,8.214e-06,197.048,0.178471,0.408566
76,2610751,0.111351,8.048e-06,196.596,0.188634,0.423694
77,2715481,0.116206,8.282e-06,199.022,0.196356,0.437343
78,2822975,0.121309,7.959e-06,199.641,0.206136,0.461493
79,2933269,0.125792,7.86e-06,201.635,0.214787,0.480551
80,3046399,0.130051,7.716e-06,200.737,0.226901,0.505893
81,3162401,0.134879,8.076e-06,203.525,0.235215,0.533686
82,3281311,0.141661,8.183e-06,204.013,0.246478,0.551426
83,3403165,0.145201,7.837e-06,204.665,0.257921,0.581266
84,3527999,0.151632,7.958e-06,204.744,0.270495,0.607408
85,3655849,0.15705,8.073e-06,206.268,0.281535,0.638739
86,3786751,0.163662,7.679e-06,207.357,0.293493,0.668153
87,3920741,0.169058,8.043e-06,208.411,0.305853,0.697074
88,4057855,0.174209,8.264e-06,207.67,0.321325,0.728567
89,4198129,0.181345,8.12e-06,210.575,0.331569,0.75418
90,4341599,0.188808,8.505e-06,211.598,0.345072,0.790281
91,4488297,0.194262,8.241e-06,211.235,0.361311,0.827139
92,4638271,0.199949,8.29e-06,210.584,0.378651,0.861986
93,4791545,0.205996,8.104e-06,213.437,0.390124,0.887879
94,4948225,0.215814,8.089e-06,214.028,0.406083,0.936701
95,5108149,0.221804,7.859e-06,214.744,0.422251,0.973236
96,5271551,0.228664,8.356e-06,216.775,0.436215,1.00692
97,5438401,0.236709,8.376e-06,214.339,0.459873,1.05939
98,5608735,0.245323,8.198e-06,215.064,0.477545,1.10129
99,5782589,0.250801,8.12e-06,215.788,0.495699,1.14613
100,5959999,0.258487,8.518e-06,215.577,0.516566,1.19214
101,6141001,0.267119,7.962e-06,217.027,0.533981,1.23578
102,6325631,0.277028,8.331e-06,217.932,0.55317,1.28423
103,6513925,0.284723,8.128e-06,217.868,0.575383,1.33508
104,6705919,0.292878,8.043e-06,219.209,0.59443,1.384
105,6901649,0.301404,7.864e-06,219.238,0.617576,1.43707
106,7101151,0.31244,7.956e-06,219.54,0.640589,1.48828
107,7304461,0.321018,8.779e-06,219.81,0.664325,1.54555
108,7511615,0.335337,8.013e-06,218.761,0.692848,1.60567
109,7722649,0.3395,8.202e-06,220.213,0.714164,1.65466
110,7937571,0.350579,1.3929e-05,220.517,0.739749,1.71641
111,8156413,0.359764,7.953e-06,220.446,0.767295,1.78066
112,8379391,0.368865,7.528e-06,221.432,0.791822,1.84085
113,8606305,0.379243,8.097e-06,221.577,0.819984,1.90843
114,8837279,0.391943,8.417e-06,222.147,0.847256,1.97435
115,9072349,0.40089,8.29e-06,221.806,0.878766,2.04367
116,9311551,0.41066,8.297e-06,221.113,0.912623,2.11933
117,9554793,0.423845,8.54e-06,222.126,0.940223,2.19104
118,9802564,0.436359,8.169e-06,221.937,0.97367,2.26649
119,10054309,0.446886,8.439e-06,222.255,1.00569,2.33722
120,10310375,0.45687,8.776e-06,222.569,1.03849,2.41107
121,10570801,0.470418,8.271e-06,223.218,1.07047,2.49201
122,10835551,0.483988,7.875e-06,223.082,1.10702,2.57559
123,11104685,0.495045,8.12e-06,223.408,1.14214,2.65862
124,11378239,0.506821,8.178e-06,222.751,1.18326,2.74474
