10,5599,0.000869131, 1.1207e-05,8.495e-06,0.000904506,0.00167926,0.00306604,3.431630.0106764
11,7496,0.000877876, 1.1171e-05,8.684e-06,0.000979688,0.00186244,0.00334114,4.598280.0116906
12,9785,0.000901697, 1.0539e-05,8.31e-06,0.00106905,0.00200964,0.00357348,6.2460.012214
13,12499,0.000985746, 1.1232e-05,8.598e-06,0.00110408,0.00213179,0.00372761,8.181690.0128651
14,15674,0.00118233, 1.0947e-05,8.375e-06,0.00126142,0.00239802,0.00421324,9.939670.014265
15,19342,0.00128918, 8.341e-06,6.792e-06,0.00104181,0.00191107,0.00342667,15.51990.0120543
16,23541,0.00127943, 8.543e-06,6.26e-06,0.00103048,0.00197666,0.00349362,19.50020.0124327
17,28309,0.00149257, 8.283e-06,6.248e-06,0.00112755,0.00219076,0.00379281,22.89730.0135068
18,33677,0.00176814, 8.399e-06,6.401e-06,0.00118568,0.00226872,0.00399879,27.4030.0141966
19,39686,0.00197277, 8.435e-06,6.533e-06,0.00128598,0.00243044,0.00435453,31.83980.0151795
20,46369,0.00221616, 8.607e-06,6.716e-06,0.00137771,0.0026212,0.00453169,37.28530.0159251
21,53762,0.00254571, 8.379e-06,6.404e-06,0.00135675,0.00264822,0.0047137,43.32850.016667
22,61907,0.00294477, 8.537e-06,6.502e-06,0.00144036,0.00269785,0.00486647,50.6320.0171896
23,70834,0.00327993, 8.43e-06,6.997e-06,0.00149146,0.00287997,0.00507827,57.52740.0180824
24,80580,0.00360417, 9.282e-06,6.661e-06,0.00158951,0.00304196,0.00535927,63.73140.0193603
25,91187,0.00421574, 8.518e-06,8.243e-06,0.00163276,0.00308209,0.00555164,68.86330.0211052
26,102676,0.00463136, 8.458e-06,6.768e-06,0.00171911,0.00325178,0.00575799,70.92430.0239817
27,115113,0.00520921, 8.812e-06,8.076e-06,0.00176324,0.00333543,0.00607202,77.36810.0255774
28,128505,0.00563213, 8.362e-06,8.222e-06,0.00186149,0.00346183,0.00633244,74.3150.0308088
29,142907,0.00631804, 8.439e-06,8.261e-06,0.00196721,0.00366229,0.0066012,80.63970.0326827
30,158342,0.00708925, 8.672e-06,8.147e-06,0.0019736,0.00377112,0.00666526,90.92510.033206
31,174854,0.00762539, 8.897e-06,8.224e-06,0.00204173,0.00374359,0.00685665,99.96490.0344469
32,192459,0.0083329, 8.854e-06,8.313e-06,0.00205964,0.00389199,0.00701469,110.5960.0353609
33,211205,0.00908979, 8.882e-06,8.249e-06,0.00219233,0.00407734,0.00732261,120.7990.0366234
34,231152,0.0101911, 8.951e-06,9.928e-06,0.00218644,0.00413102,0.00738077,132.1260.0377405
35,252297,0.010752, 9.067e-06,8.24e-06,0.00229747,0.00436618,0.00778885,142.7380.0392381
36,274728,0.0116963, 8.942e-06,8.191e-06,0.0027106,0.0045733,0.00818328,133.0130.047141
37,298286,0.0127769, 8.938e-06,8.191e-06,0.00275977,0.00458443,0.00834022,128.7930.0543263
38,323319,0.0139694, 8.888e-06,9.675e-06,0.00245858,0.00473489,0.00838496,138.0150.0564153
39,349799,0.0148394, 8.479e-06,9.669e-06,0.0026413,0.00497764,0.00876409,147.5950.0585474
40,377586,0.0159145, 8.649e-06,9.664e-06,0.00267752,0.00502076,0.00889302,146.5550.0652591
41,406789,0.0171908, 9.186e-06,9.872e-06,0.00274957,0.0051735,0.00936165,156.8230.0673277
42,437465,0.0185836, 8.545e-06,9.687e-06,0.00281862,0.00527218,0.00957252,163.8340.0709792
43,469628,0.0196612, 8.765e-06,9.461e-06,0.0028384,0.00531262,0.0100095,164.7290.077571
44,503353,0.0208132, 8.756e-06,9.664e-06,0.00304302,0.00573887,0.0105168,171.7040.0815996
45,538582,0.0224889, 8.609e-06,9.822e-06,0.0029863,0.00589143,0.0101458,163.8530.0935604
46,575551,0.0242464, 8.953e-06,9.773e-06,0.00305234,0.00580989,0.0103715,170.5250.0981778
47,614101,0.0256444, 8.589e-06,9.488e-06,0.00317467,0.00596473,0.0103933,179.7750.101504
48,654335,0.0270453, 8.919e-06,1.0017e-05,0.0032847,0.00632855,0.011302,177.7570.111689
49,696289,0.0288112, 9.167e-06,9.689e-06,0.00331802,0.00618504,0.0111535,189.8370.113585
50,739999,0.0308275, 8.581e-06,1.5857e-05,0.00330903,0.00617215,0.0113086,187.1470.124929
51,785501,0.0325071, 8.856e-06,9.681e-06,0.003333,0.00629404,0.0114502,196.710.128666
52,832831,0.0343717, 8.923e-06,9.781e-06,0.00343072,0.00643147,0.0117273,194.7170.140495
53,881896,0.0366515, 9.007e-06,9.95e-06,0.0035768,0.00671941,0.0119758,195.8760.150726
54,933202,0.0388117, 8.64e-06,1.0082e-05,0.00352733,0.00666665,0.0121615,204.2770.155776
55,986227,0.0409019, 8.562e-06,9.797e-06,0.00361003,0.00676985,0.0122882,205.1820.166914
56,1041151,0.0431164, 9.009e-06,9.541e-06,0.00366229,0.00693647,0.0124515,206.9250.177886
57,1098161,0.0457939, 8.869e-06,9.757e-06,0.00384517,0.00724468,0.0129326,203.2120.194441
58,1157215,0.0487555, 8.673e-06,9.801e-06,0.00397737,0.00743475,0.0132317,207.680.203981
59,1218349,0.0510985, 8.706e-06,1.0005e-05,0.00389895,0.0073582,0.0133337,211.1050.214889
60,1281599,0.053646, 9.146e-06,9.831e-06,0.00393204,0.00754084,0.0135988,208.0760.233195
61,1346933,0.0568272, 8.869e-06,9.733e-06,0.00407161,0.00767078,0.013962,213.8980.242365
62,1414605,0.0602138, 8.78e-06,9.729e-06,0.00405879,0.00765918,0.0140005,217.8070.254034
63,1484405,0.0630622, 8.761e-06,9.691e-06,0.00417059,0.00791597,0.0144845,217.0490.271787
64,1556479,0.0656846, 9.051e-06,9.926e-06,0.00429512,0.00815169,0.0145653,221.1980.284048
65,1630849,0.069622, 8.596e-06,9.627e-06,0.00439354,0.00826757,0.0149542,216.2980.309086
66,1707551,0.0732998, 9.212e-06,9.671e-06,0.00439516,0.00821709,0.0151636,215.5570.329699
67,1786621,0.0762756, 8.854e-06,9.861e-06,0.00449111,0.00846137,0.0151267,214.1140.35252
68,1868095,0.079437, 8.676e-06,9.94e-06,0.00443147,0.00843219,0.0154679,213.4130.375291
69,1952009,0.083428, 8.761e-06,9.64e-06,0.00453945,0.0086407,0.0155303,214.4120.396027
70,2038399,0.0876779, 8.428e-06,9.907e-06,0.00477132,0.00922956,0.0161794,212.2970.423691
71,2127297,0.0912108, 9.301e-06,9.892e-06,0.00468148,0.00890671,0.0164925,214.5310.443779
72,2218751,0.0945791, 8.437e-06,9.87e-06,0.00480666,0.00916165,0.0166317,215.0910.468114
73,2312753,0.099454, 8.696e-06,9.848e-06,0.00472939,0.00899114,0.0164517,214.5780.495873
74,2409439,0.103976, 8.63e-06,9.925e-06,0.00494373,0.00930271,0.0168328,216.1340.519865
75,2508749,0.108021, 8.607e-06,9.965e-06,0.00500459,0.00942814,0.0172901,216.1040.548643
76,2610751,0.111763, 8.82e-06,9.671e-06,0.00515117,0.00963536,0.0176418,218.4850.572214
77,2715481,0.117095, 8.523e-06,9.85e-06,0.00515209,0.00974839,0.0178402,216.8040.607633
78,2822975,0.122533, 8.828e-06,9.808e-06,0.00527407,0.00984937,0.0180827,218.3440.635332
79,2933269,0.126207, 8.794e-06,1.0037e-05,0.00530158,0.00992055,0.0181159,219.7060.664429
80,3046399,0.130827, 8.882e-06,9.93e-06,0.00531286,0.00994892,0.0185456,219.8570.698262
81,3162401,0.136333, 8.775e-06,9.896e-06,0.00531081,0.00998417,0.018655,221.1080.729714
82,3281311,0.142316, 8.726e-06,1.0346e-05,0.00544877,0.0105242,0.0195886,221.4370.765314
83,3403165,0.146889, 8.592e-06,9.895e-06,0.00547243,0.0103931,0.0191468,218.2660.815033
84,3527999,0.151868, 8.378e-06,9.826e-06,0.00568789,0.0107243,0.0200085,221.4350.842823
85,3655821,0.157711, 8.614e-06,9.722e-06,0.00565964,0.0106047,0.0198653,221.4150.883787
86,3786751,0.164633, 8.721e-06,9.956e-06,0.00559107,0.0106855,0.0199961,221.8260.924439
87,3920741,0.169854, 8.808e-06,9.913e-06,0.00569438,0.0108317,0.0204242,221.8260.968224
88,4057855,0.175128, 9.004e-06,9.715e-06,0.00588803,0.0114226,0.0204095,222.631.00989
89,4198117,0.182217, 9.148e-06,9.673e-06,0.00594505,0.0112254,0.0205635,223.1731.05404
90,4341599,0.189456, 8.866e-06,9.998e-06,0.00598894,0.0110928,0.0215896,223.731.09951
91,4488301,0.195038, 8.743e-06,9.847e-06,0.00619108,0.0115303,0.0215396,224.1761.14695
92,4638271,0.201164, 9.164e-06,9.726e-06,0.00616738,0.0115757,0.0210187,224.3281.19743
93,4791545,0.208665, 8.919e-06,9.842e-06,0.00621706,0.0117278,0.0218765,224.6661.2485
94,4948159,0.21689, 8.851e-06,9.991e-06,0.00629399,0.011845,0.022056,225.9391.29577
95,5108141,0.224509, 8.543e-06,9.994e-06,0.00639036,0.0121269,0.0226989,226.0151.35138
96,5271551,0.231051, 8.72e-06,9.768e-06,0.0062829,0.0119347,0.0225866,226.7321.40477
97,5438401,0.23964, 8.881e-06,9.862e-06,0.00637782,0.012202,0.0231609,226.2921.4671
98,5608735,0.248431, 8.726e-06,9.82e-06,0.00643114,0.011984,0.0230415,227.1441.52285
99,5782589,0.255753, 8.622e-06,9.785e-06,0.00662077,0.0124453,0.0236098,226.8611.58799
100,5960011,0.262744, 8.689e-06,1.0288e-05,0.00667523,0.0124435,0.0231813,227.4761.6487
101,6141001,0.272225, 8.937e-06,9.978e-06,0.00678943,0.0128163,0.0241949,226.5141.72298
102,6325631,0.282337, 8.494e-06,1.0043e-05,0.00677643,0.012619,0.0240104,227.5911.7838
103,6513925,0.290233, 8.668e-06,1.0085e-05,0.00702816,0.013307,0.0249803,227.8661.85259
104,6705919,0.297638, 8.977e-06,9.896e-06,0.0068337,0.0127592,0.0244594,227.9011.92534
105,6901649,0.307555, 8.968e-06,1.0026e-05,0.00712268,0.0133581,0.0250418,227.9052.00047
106,7101151,0.318091, 8.464e-06,1.0093e-05,0.00725217,0.0134579,0.0258958,227.9382.07753
107,7304461,0.32655, 9.122e-06,9.995e-06,0.00729134,0.0138644,0.0270207,227.7492.15888
108,7511615,0.335129, 8.72e-06,1.0244e-05,0.00708871,0.0133005,0.0255026,228.2682.23568
109,7722649,0.343303, 9.011e-06,1.0096e-05,0.00734192,0.0136968,0.0265887,228.1592.3208
110,7937599,0.354814, 8.703e-06,1.0113e-05,0.00757332,0.0141233,0.0265655,228.2872.40585
111,8156501,0.363455, 8.876e-06,1.0187e-05,0.00767103,0.0144066,0.0273578,228.5042.49222
112,8379391,0.372748, 8.915e-06,9.801e-06,0.00764226,0.0145618,0.0279312,228.4672.58372
113,8606305,0.384297, 8.784e-06,9.909e-06,0.00763707,0.0142857,0.0271493,228.8762.67251
114,8837279,0.396779, 8.763e-06,9.978e-06,0.00757092,0.0141974,0.0274819,229.0762.76601
115,9072349,0.406855, 8.695e-06,9.873e-06,0.00777193,0.0145008,0.0283223,229.2762.86191
116,9311632,0.41631, 9.222e-06,9.945e-06,0.00849471,0.0162921,0.0306409,228.7072.97019
117,9554921,0.428635, 8.852e-06,9.884e-06,0.00778199,0.0144118,0.0286477,229.0413.06951
118,9802495,0.441973, 8.798e-06,9.977e-06,0.00795655,0.0149284,0.028436,229.0743.17541
119,10054309,0.452438, 8.831e-06,9.913e-06,0.00819279,0.01523,0.0296446,228.953.28627
120,10310399,0.463137, 9.039e-06,1.0067e-05,0.00837732,0.0154349,0.0371206,228.9053.39885
121,10570785,0.476337, 9.035e-06,9.92e-06,0.00821847,0.0152638,0.0298677,228.9443.51303
122,10835551,0.494028, 8.875e-06,1.0092e-05,0.00843278,0.0156857,0.0305172,228.8593.63202
123,11104685,0.505677, 9.298e-06,9.946e-06,0.00836015,0.0156555,0.030229,229.1163.74844
124,11378239,0.517885, 9.04e-06,9.991e-06,0.00850093,0.0159272,0.0312667,229.053.87302
