10,5599,0.000737171,2.6843e-05,0.216731,0.148615
11,7495,0.000805045,2.8213e-05,0.311683,0.151539
12,9785,0.000871974,2.8062e-05,0.503117,0.133167
13,12498,0.000995887,2.7414e-05,0.642139,0.143895
14,15674,0.00103615,2.7904e-05,0.988011,0.125937
15,19342,0.00117298,2.7722e-05,1.19909,0.136874
16,23541,0.00131705,2.7601e-05,1.66836,0.127452
17,28308,0.00154871,2.796e-05,2.01222,0.134769
18,33677,0.00192196,2.7717e-05,2.54567,0.133977
19,39686,0.00216865,2.7195e-05,3.24591,0.130516
20,46367,0.00225967,2.7331e-05,26.2412,0.0198304
21,53761,0.00261522,2.7433e-05,4.50118,0.140587
22,61906,0.00300996,2.7779e-05,5.53443,0.137784
23,70835,0.00330507,2.7373e-05,7.02971,0.129636
24,80582,0.00364488,2.8472e-05,45.0268,0.0240038
25,91187,0.00427461,3.5306e-05,51.4567,0.0247383
26,102683,0.00465668,2.1874e-05,11.061,0.134674
27,115108,0.005222,2.4899e-05,13.587,0.127539
28,128497,0.00571487,3.016e-05,15.2941,0.13108
29,142911,0.00635175,3.0577e-05,17.6894,0.130448
30,158336,0.00720424,3.2325e-05,19.7876,0.133582
31,174842,0.0077066,3.195e-05,81.0373,0.0371977
32,192451,0.00838257,3.1762e-05,90.0595,0.0380114
33,211203,0.00918106,3.2724e-05,28.8713,0.134127
34,231148,0.0101964,3.5652e-05,109.914,0.0397078
35,252301,0.010836,3.5773e-05,105.028,0.0466718
36,274703,0.0117519,2.751e-05,114.885,0.0477643
37,298200,0.0127686,2.7093e-05,111.339,0.0549924
38,323331,0.0142495,2.7699e-05,50.0873,0.136038
39,349812,0.0148421,2.7339e-05,129.885,0.0582177
40,377581,0.0158073,2.7501e-05,128.104,0.0653258
41,406789,0.0171202,2.7484e-05,135.979,0.0679402
42,437442,0.0189097,2.7829e-05,136.19,0.0747069
43,469498,0.0198065,2.7481e-05,141.794,0.0788389
44,503353,0.0207974,2.795e-05,143.492,0.0854258
45,538604,0.0224517,2.8208e-05,139.934,0.0958444
46,575551,0.0241744,2.7367e-05,147.756,0.0991238
47,614000,0.0255757,2.8509e-05,147.33,0.108345
48,654335,0.0271836,2.8133e-05,156.119,0.111244
49,696289,0.0290165,2.7726e-05,157.751,0.119569
50,739999,0.0307597,2.7898e-05,163.022,0.125451
51,785405,0.0325263,2.7936e-05,167.604,0.132085
52,832831,0.034166,2.7814e-05,169.65,0.141048
53,881965,0.0364106,2.8887e-05,165.408,0.156126
54,933194,0.0388,2.7986e-05,172.079,0.161742
55,986069,0.0409015,2.8441e-05,172.566,0.173572
56,1041143,0.0431526,2.8297e-05,180.395,0.178463
57,1098161,0.0457639,2.7891e-05,174.785,0.197716
58,1157203,0.0487227,2.7965e-05,178.839,0.207168
59,1218321,0.0510353,3.4043e-05,183.094,0.216686
60,1281599,0.0536779,2.773e-05,178.317,0.237977
61,1346953,0.0568054,2.817e-05,185.121,0.244909
62,1414591,0.0602441,2.7568e-05,186.751,0.259103
63,1484405,0.0630925,2.8062e-05,185.85,0.277581
64,1556479,0.0660908,2.799e-05,189.369,0.29015
65,1630849,0.070087,2.7617e-05,186.319,0.313782
66,1707551,0.0732522,2.8542e-05,186.829,0.332647
67,1786621,0.0762213,2.8069e-05,183.353,0.359983
68,1868095,0.0793681,2.7666e-05,180.748,0.387482
69,1952009,0.0839623,2.8613e-05,181.774,0.40848
70,2038399,0.0876521,2.8194e-05,181.329,0.433761
71,2127301,0.0912441,2.8131e-05,182.8,0.455405
72,2218751,0.0951936,2.8657e-05,183.119,0.48079
73,2312785,0.0991326,2.7989e-05,180.215,0.516267
74,2409439,0.103927,2.8263e-05,183.797,0.534539
75,2508749,0.108029,2.8117e-05,183.526,0.564876
76,2610751,0.11168,2.8237e-05,185.99,0.587741
77,2715481,0.116714,3.3945e-05,186.031,0.619174
78,2822975,0.122675,2.8079e-05,187.015,0.648563
79,2933269,0.126348,2.8035e-05,187.16,0.681959
80,3046399,0.130544,2.829e-05,188.31,0.71279
81,3162401,0.136632,3.5187e-05,187.685,0.751623
82,3281311,0.142138,2.7712e-05,188.541,0.785874
83,3403165,0.146988,2.8676e-05,188.572,0.824801
84,3527999,0.151854,2.8575e-05,188.748,0.864492
85,3655849,0.157679,2.8604e-05,189.678,0.901979
86,3786751,0.164599,2.865e-05,189.329,0.946948
87,3920741,0.169853,2.8261e-05,189.381,0.991521
88,4057855,0.191305,2.8512e-05,190.217,1.03336
89,4198129,0.182187,2.8301e-05,190.478,1.07969
90,4341599,0.189331,2.8333e-05,190.445,1.12926
91,4488209,0.195724,2.8407e-05,190.492,1.18002
92,4638271,0.201559,3.3866e-05,190.613,1.23201
93,4791545,0.209382,2.8541e-05,191.816,1.27842
94,4948159,0.216945,2.8348e-05,191.9,1.33374
95,5108069,0.224734,2.879e-05,190.026,1.40515
96,5271551,0.231039,3.4457e-05,191.711,1.45242
97,5438401,0.239704,2.8026e-05,192.752,1.50574
98,5608699,0.248382,2.8843e-05,193.142,1.56566
99,5782577,0.25578,2.8394e-05,192.88,1.6328
100,5959999,0.262755,2.8656e-05,193.033,1.69846
101,6141001,0.272177,2.778e-05,193.12,1.76667
102,6325631,0.282417,2.7886e-05,193.743,1.83181
103,6513925,0.290255,2.8321e-05,193.675,1.90541
104,6705919,0.297625,2.8839e-05,193.356,1.9838
105,6901649,0.307516,2.8233e-05,194.122,2.05311
106,7101151,0.318133,2.8675e-05,193.921,2.13469
107,7304461,0.326559,2.8094e-05,193.79,2.21793
108,7511615,0.335067,2.8354e-05,193.423,2.30642
109,7722649,0.343194,2.8415e-05,193.862,2.38766
110,7937599,0.354854,2.8379e-05,194.092,2.4736
111,8156501,0.36347,2.8915e-05,194.389,2.5609
112,8379391,0.372669,2.8491e-05,194.055,2.65905
113,8606297,0.384376,2.8932e-05,194.748,2.74554
114,8837247,0.396791,2.8508e-05,195.372,2.83498
115,9072349,0.406841,2.8403e-05,195.023,2.94106
116,9311551,0.416452,2.8072e-05,194.955,3.04582
117,9554921,0.428627,2.8226e-05,194.263,3.16349
118,9802491,0.442421,2.8569e-05,194.622,3.26704
119,10054245,0.452379,2.7884e-05,195.172,3.36972
120,10310371,0.463345,2.8435e-05,195.041,3.4868
121,10570815,0.476405,2.8243e-05,194.848,3.60811
122,10835551,0.490966,2.8916e-05,194.806,3.72973
123,11104685,0.50564,2.8215e-05,195.137,3.84705
124,11378159,0.51764,2.854e-05,194.847,3.97965
