10,5599,0.000802694,2.771e-05,0.107101,0.154344
11,7496,0.000782896,2.6718e-05,0.169185,0.143273
12,9785,0.00084386,2.7529e-05,0.258779,0.132856
13,12499,0.000979295,3.7149e-05,0.342727,0.138348
14,15674,0.00108926,2.7737e-05,0.451938,0.141273
15,19342,0.00117146,2.7759e-05,0.637111,0.132182
16,23541,0.00131931,2.7744e-05,0.832739,0.131018
17,28307,0.00154119,2.7828e-05,1.05474,0.13192
18,33676,0.00180799,2.7287e-05,1.34839,0.129778
19,39683,0.00202654,2.7354e-05,1.62655,0.133631
20,46367,0.00226938,2.7631e-05,2.04618,0.130481
21,53763,0.00260412,2.7307e-05,2.54378,0.127634
22,61904,0.00297576,2.8149e-05,3.03482,0.128914
23,70833,0.00329639,2.7356e-05,3.61555,0.129315
24,80581,0.00363045,2.7446e-05,4.10242,0.135166
25,91182,0.00414172,2.8133e-05,5.30577,0.123087
26,102693,0.00469118,2.689e-05,5.60652,0.136316
27,115114,0.00523566,3.0116e-05,7.11919,0.124879
28,128509,0.00555357,2.7721e-05,7.57563,0.135767
29,142895,0.00636809,3.4644e-05,8.99395,0.131621
30,158333,0.00711014,3.0731e-05,10.8517,0.124963
31,174844,0.00761613,3.0118e-05,11.0484,0.139971
32,192454,0.00821686,3.1011e-05,49.3177,0.0356103
33,211200,0.00903132,3.0648e-05,14.2707,0.139209
34,231162,0.0100926,3.1443e-05,17.0109,0.131624
35,252295,0.0107843,3.0967e-05,60.2836,0.0417141
36,274711,0.0116004,3.717e-05,60.9039,0.0462221
37,298399,0.0126052,3.6149e-05,64.4285,0.0487614
38,323409,0.0138444,2.8111e-05,79.8178,0.0437967
39,349799,0.0147203,2.7727e-05,88.0542,0.0440532
40,377572,0.0155984,2.7085e-05,93.5311,0.0458995
41,406789,0.0169937,2.9009e-05,34.3309,0.138048
42,437459,0.0184713,3.6572e-05,41.0105,0.127271
43,469633,0.0195734,3.7604e-05,78.3609,0.0731895
44,503359,0.0207286,3.7494e-05,84.6636,0.0742737
45,538597,0.0223067,2.8541e-05,88.0585,0.0781322
46,575545,0.0286511,2.7693e-05,82.5938,0.0909674
47,614095,0.0324417,2.8193e-05,85.7351,0.0955153
48,654335,0.0301947,2.7737e-05,92.3877,0.0964337
49,696289,0.0286521,2.7685e-05,98.474,0.0982599
50,739999,0.030466,2.7694e-05,104.28,0.100606
51,785497,0.0321808,2.7354e-05,103.778,0.109434
52,832831,0.0338421,2.8199e-05,109.016,0.112599
53,881957,0.036098,2.7443e-05,110.482,0.119907
54,933119,0.038485,2.8115e-05,111.707,0.12781
55,986149,0.0404189,2.7346e-05,111.406,0.137924
56,1041151,0.0425822,2.7875e-05,110.587,0.149338
57,1098161,0.0453164,2.7566e-05,116.641,0.151985
58,1157215,0.0486706,2.822e-05,115.914,0.163965
59,1218349,0.0509244,2.78e-05,121.537,0.167455
60,1281599,0.0532689,2.8213e-05,119.624,0.181974
61,1346893,0.0565979,2.799e-05,120.56,0.192909
62,1414591,0.0596083,2.8221e-05,120.498,0.205993
63,1484405,0.0625592,2.7839e-05,124.964,0.21177
64,1556479,0.0653112,2.7978e-05,125.615,0.224381
65,1630849,0.0688962,2.7876e-05,127.001,0.236143
66,1707551,0.0727125,2.7225e-05,125.983,0.253053
67,1786621,0.0759057,2.7962e-05,126.461,0.267738
68,1868095,0.0790176,2.7437e-05,129.602,0.277211
69,1952009,0.0830131,2.7607e-05,131.158,0.290406
70,2038339,0.0872262,2.7107e-05,128.409,0.314206
71,2127301,0.090259,2.7811e-05,129.571,0.329582
72,2218751,0.0937598,2.8093e-05,128.879,0.350429
73,2312785,0.0983927,2.8548e-05,130.277,0.366346
74,2409439,0.103122,2.7769e-05,132.068,0.381603
75,2508749,0.106801,2.7647e-05,131.759,0.403611
76,2610751,0.110665,2.7368e-05,134.221,0.417778
77,2715481,0.115507,2.7736e-05,134.594,0.438999
78,2822975,0.121,2.845e-05,135.199,0.460198
79,2933269,0.125141,2.9431e-05,137.01,0.477872
80,3046399,0.12986,2.8077e-05,136.942,0.502794
81,3162401,0.135227,2.7809e-05,137.014,0.528149
82,3281311,0.141265,2.8057e-05,136.919,0.555119
83,3403165,0.145354,2.7941e-05,137.015,0.582302
84,3527907,0.151338,2.792e-05,136.52,0.613103
85,3655821,0.156521,2.8034e-05,137.075,0.640244
86,3786751,0.162695,2.7963e-05,137.246,0.67009
87,3920741,0.16858,2.8426e-05,138.318,0.696384
88,4057855,0.173337,2.7994e-05,138.554,0.727734
89,4198129,0.180244,2.8442e-05,138.53,0.761535
90,4341599,0.18883,2.7807e-05,138.227,0.798102
91,4488301,0.194212,2.8397e-05,138.972,0.829716
92,4638271,0.200438,2.823e-05,138.848,0.867588
93,4791545,0.207839,2.7884e-05,138.512,0.908146
94,4948159,0.215771,2.8424e-05,138.654,0.946893
95,5108081,0.221686,2.792e-05,138.3,0.990377
96,5271551,0.22857,2.8053e-05,138.534,1.03102
97,5438401,0.236585,2.7879e-05,137.951,1.07922
98,5608735,0.245257,2.8549e-05,138.403,1.12077
99,5782589,0.252652,2.7947e-05,138.984,1.16236
100,5959999,0.259566,2.8452e-05,138.933,1.21051
101,6141001,0.268479,2.845e-05,138.866,1.26029
102,6325631,0.278902,2.8355e-05,138.948,1.31021
103,6513925,0.286608,2.763e-05,139.303,1.3589
104,6705919,0.293998,2.839e-05,139.21,1.41341
105,6901649,0.303532,2.7769e-05,139.478,1.46577
106,7101151,0.314195,2.8362e-05,139.788,1.51905
107,7304461,0.322516,2.8637e-05,139.806,1.57702
108,7511696,0.330934,2.8728e-05,139.771,1.63725
109,7722649,0.33886,2.7568e-05,140.183,1.69376
110,7937599,0.351086,2.8132e-05,139.831,1.76123
111,8156477,0.358997,2.823e-05,139.744,1.82732
112,8379391,0.368494,2.8146e-05,139.461,1.89794
113,8606305,0.379624,2.7803e-05,140.372,1.9539
114,8837279,0.391918,2.8272e-05,140.278,2.02538
115,9072349,0.401413,2.8014e-05,140.241,2.09797
116,9311551,0.410937,2.8636e-05,140.286,2.17123
117,9554921,0.423388,2.8584e-05,140.561,2.24271
118,9802495,0.436508,2.8572e-05,140.77,2.31695
119,10054309,0.446427,2.7854e-05,140.52,2.40081
120,10310399,0.457012,2.8543e-05,140.672,2.47987
121,10570801,0.469979,2.7765e-05,140.783,2.56158
122,10835551,0.483983,2.8588e-05,140.402,2.65455
123,11104685,0.495274,2.8522e-05,140.52,2.74038
124,11378239,0.506815,2.7975e-05,140.802,2.82496
