10,5599,0.00103888,9.055e-06,3.02493,0.0121119
11,7496,0.000843612,8.899e-06,4.75913,0.0112955
12,9785,0.000895618,9.201e-06,6.14087,0.012423
13,12498,0.000944299,7.227e-06,10.344,0.0101755
14,15674,0.00101554,7.298e-06,12.9702,0.010932
15,19342,0.00114595,7.193e-06,16.0969,0.0116222
16,23541,0.00126939,6.874e-06,19.6621,0.0123304
17,28308,0.00151192,7.554e-06,23.0848,0.0133969
18,33677,0.00176209,6.801e-06,27.6222,0.0140839
19,39685,0.00200093,7.292e-06,31.7423,0.015226
20,46368,0.00221206,6.874e-06,38.1055,0.0155822
21,53763,0.00257211,6.872e-06,45.1668,0.0159887
22,61908,0.00294231,7.131e-06,51.1217,0.017025
23,70835,0.00328576,7.1e-06,58.1874,0.0178774
24,80583,0.00359712,7.088e-06,65.6296,0.0188006
25,91185,0.00421689,7.919e-06,69.7189,0.020846
26,102686,0.0046414,7.12e-06,69.459,0.0244885
27,115115,0.00522495,7.174e-06,78.1738,0.025314
28,128504,0.00563795,7.115e-06,74.547,0.0307128
29,142906,0.00631699,7.219e-06,83.6113,0.0315211
30,158347,0.00709257,7.317e-06,90.5498,0.0333441
31,174848,0.0076318,7.663e-06,100.919,0.0341208
32,192453,0.00827898,7.76e-06,109.561,0.0356947
33,211209,0.00907997,7.754e-06,122.711,0.0360531
34,231155,0.0101879,7.86e-06,134.736,0.0370097
35,252297,0.0107486,7.544e-06,125.05,0.0447881
36,274709,0.011756,7.434e-06,135.222,0.0463697
37,298238,0.0127831,7.049e-06,130.122,0.0537679
38,323431,0.0139556,7.859e-06,140.816,0.0553007
39,349788,0.0149139,7.082e-06,146.866,0.0588372
40,377564,0.0159294,7.692e-06,148.74,0.0642989
41,406795,0.0171767,7.591e-06,157.813,0.0669059
42,437465,0.0185776,7.767e-06,165.474,0.0702758
43,469633,0.0196803,7.68e-06,166.501,0.0767455
44,503354,0.0208591,7.798e-06,169.657,0.0825843
45,538582,0.0224948,7.852e-06,164.824,0.0930089
46,575551,0.0242016,7.299e-06,171.102,0.0978467
47,614096,0.0255939,7.676e-06,178.843,0.102033
48,654335,0.0269883,7.639e-06,180.939,0.109724
49,696289,0.0288341,7.342e-06,190.907,0.112948
50,739999,0.0308343,7.89e-06,187.768,0.124515
51,785415,0.0325807,7.267e-06,196.764,0.128625
52,832831,0.0342592,7.456e-06,196.81,0.139
53,881906,0.0364426,7.512e-06,195.832,0.150761
54,933200,0.0388951,7.474e-06,203.952,0.156024
55,986149,0.0409645,7.058e-06,204.59,0.167392
56,1041151,0.0431397,7.71e-06,208.008,0.17696
57,1098161,0.0457801,7.297e-06,202.498,0.195127
58,1157183,0.0487657,7.081e-06,208.32,0.203351
59,1218427,0.0510774,7.817e-06,211.623,0.214368
60,1281599,0.0537384,7.281e-06,208.164,0.233096
61,1346929,0.0568143,7.468e-06,214.151,0.242079
62,1414591,0.0601747,7.215e-06,218.598,0.253114
63,1484405,0.0630437,7.292e-06,217.145,0.271667
64,1556555,0.0661687,7.548e-06,220.199,0.285341
65,1630897,0.0701085,7.27e-06,216.66,0.308573
66,1707551,0.0732128,7.338e-06,215.895,0.329182
67,1786621,0.0762273,7.406e-06,213.911,0.352854
68,1868095,0.0794389,7.813e-06,212.811,0.376353
69,1952009,0.0833587,7.056e-06,213.601,0.397531
70,2038399,0.0876858,7.46e-06,213.166,0.421964
71,2127301,0.0912647,7.541e-06,213.915,0.445057
72,2218751,0.0946288,7.895e-06,214.613,0.469158
73,2312773,0.0998183,7.491e-06,214.893,0.495146
74,2409439,0.104262,7.041e-06,215.754,0.520779
75,2508749,0.108043,7.596e-06,215.533,0.550095
76,2610784,0.111757,7.275e-06,218.592,0.571938
77,2715481,0.116664,7.353e-06,217.245,0.606398
78,2822975,0.122108,6.997e-06,217.509,0.637771
79,2933269,0.126376,7.19e-06,219.996,0.663553
80,3046399,0.131163,7.36e-06,219.967,0.697914
81,3162401,0.136621,7.649e-06,220.756,0.730876
82,3281311,0.142389,7.408e-06,221.782,0.764122
83,3403165,0.147025,7.571e-06,220.717,0.805985
84,3527999,0.152425,7.356e-06,221.774,0.841534
85,3655849,0.157695,7.479e-06,219.58,0.891179
86,3786751,0.164673,7.563e-06,222.355,0.92224
87,3920741,0.169758,7.561e-06,221.947,0.967695
88,4057855,0.175046,6.992e-06,222.242,1.01165
89,4198198,0.182207,7.579e-06,223.284,1.05352
90,4341599,0.189361,7.881e-06,223.936,1.0985
91,4488301,0.195766,7.834e-06,224.27,1.14647
92,4638271,0.201327,7.605e-06,224.393,1.19708
93,4791545,0.208578,7.977e-06,224.553,1.24912
94,4948159,0.218282,7.681e-06,225.617,1.29761
95,5108149,0.224865,7.366e-06,225.898,1.35208
96,5271551,0.231091,7.473e-06,226.666,1.40517
97,5438401,0.239654,7.587e-06,226.589,1.46518
98,5608735,0.248419,7.179e-06,227.016,1.52371
99,5782585,0.255747,7.594e-06,227.115,1.58621
100,5960080,0.262788,7.673e-06,227.257,1.6503
101,6141001,0.272214,7.523e-06,227.459,1.71582
102,6325631,0.282302,7.796e-06,226.696,1.79084
103,6513925,0.290282,7.703e-06,227.998,1.85151
104,6705919,0.297688,7.803e-06,227.906,1.92529
105,6901649,0.307592,7.577e-06,227.775,2.00162
106,7101147,0.318154,7.29e-06,227.846,2.07837
107,7304461,0.326626,7.919e-06,227.959,2.1569
108,7511615,0.332749,7.736e-06,228.263,2.23573
109,7722649,0.343315,7.246e-06,228.154,2.32085
110,7937599,0.354758,7.307e-06,228.432,2.40432
111,8156501,0.363624,7.117e-06,228.623,2.49092
112,8379391,0.37286,7.622e-06,228.985,2.57787
113,8606305,0.384449,7.334e-06,228.895,2.67228
114,8837279,0.396847,7.49e-06,229.032,2.76654
115,9072349,0.40685,7.441e-06,229.274,2.86193
116,9311551,0.417201,7.381e-06,229.056,2.96566
117,9554921,0.428715,7.251e-06,229.064,3.06921
118,9802495,0.441897,7.405e-06,229.13,3.17463
119,10054309,0.452441,7.744e-06,229.069,3.28455
120,10310399,0.463337,7.781e-06,229.413,3.39133
121,10570801,0.476388,7.401e-06,228.832,3.51476
122,10835551,0.494092,7.743e-06,228.84,3.63233
123,11104685,0.505739,7.503e-06,229.164,3.74766
124,11378207,0.517751,7.607e-06,228.889,3.87574
