10,5599,0.000775821,9.249e-06,2.03619,0.010293
11,7496,0.00077167,7.188e-06,3.25578,0.00944847
12,9785,0.000819843,6.816e-06,4.58699,0.00952048
13,12499,0.000914738,6.879e-06,5.90777,0.010202
14,15674,0.00098925,7.132e-06,7.51788,0.0108021
15,19342,0.0011106,7.016e-06,8.75727,0.0122379
16,23541,0.00126581,6.874e-06,11.1628,0.0124439
17,28307,0.0014893,7.288e-06,13.3537,0.0132713
18,33678,0.00175487,6.978e-06,15.8527,0.0140647
19,39683,0.00197957,7.336e-06,18.2978,0.0151396
20,46367,0.00221351,6.863e-06,21.7323,0.0156621
21,53761,0.00255212,7.076e-06,25.0394,0.0165345
22,61907,0.00292456,7.496e-06,28.7301,0.0173692
23,70832,0.00326384,6.953e-06,33.103,0.0180186
24,80578,0.0035834,6.67e-06,36.8318,0.0192103
25,91180,0.00410586,7.121e-06,42.5927,0.0195684
26,102681,0.00459676,6.909e-06,47.2796,0.0206331
27,115112,0.00518861,7.32e-06,53.2251,0.0213248
28,128509,0.00549015,7.255e-06,47.677,0.0275459
29,142896,0.00628191,7.683e-06,51.4111,0.0294056
30,158339,0.00699579,7.377e-06,58.5763,0.0295687
31,174852,0.00759583,6.882e-06,58.788,0.0336037
32,192456,0.00813798,7.886e-06,65.2804,0.0343697
33,211201,0.00901666,7.08e-06,71.1245,0.0356874
34,231141,0.0100438,7.491e-06,75.7435,0.0377723
35,252287,0.0106078,7.491e-06,81.8117,0.0392799
36,274717,0.0115555,7.436e-06,90.8267,0.0396129
37,298407,0.0124799,7.135e-06,97.7753,0.0410693
38,323417,0.0137269,7.036e-06,106.282,0.0420442
39,349798,0.0147586,7.834e-06,113.117,0.0438386
40,377570,0.0155915,7.305e-06,121.008,0.0453561
41,406789,0.0168366,7.415e-06,114.609,0.0528707
42,437465,0.0184903,7.523e-06,109.563,0.060913
43,469619,0.0196091,7.886e-06,116.232,0.0630941
44,503359,0.0205896,7.141e-06,124.869,0.0643984
45,538608,0.0222658,7.849e-06,121.217,0.0725865
46,575551,0.0239978,7.741e-06,127.353,0.0754517
47,614084,0.0252469,7.369e-06,126.443,0.0828317
48,654323,0.0266186,7.133e-06,123.922,0.0919557
49,696289,0.0284479,7.291e-06,129.915,0.0952678
50,739999,0.0304396,7.482e-06,137.925,0.0972995
51,785501,0.032154,7.344e-06,135.206,0.10745
52,832831,0.0338042,7.508e-06,141.683,0.110832
53,881993,0.0360796,7.123e-06,148.526,0.114107
54,933115,0.0384065,7.142e-06,145.318,0.125695
55,986149,0.0403726,7.493e-06,145.315,0.135284
56,1041151,0.0424658,6.948e-06,151.773,0.139222
57,1098161,0.0453092,7.003e-06,149.459,0.151763
58,1157215,0.0486133,7.375e-06,153.162,0.158778
59,1218349,0.0508814,7.309e-06,158.804,0.163988
60,1281599,0.0532045,7.338e-06,159.148,0.175028
61,1346885,0.056191,7.06e-06,157.881,0.188501
62,1414651,0.0596182,7.56e-06,160.179,0.198309
63,1484441,0.062443,7.169e-06,164.801,0.205501
64,1556479,0.0652559,7.37e-06,168.12,0.214555
65,1630849,0.0688034,7.441e-06,169.323,0.226676
66,1707551,0.0725618,7.507e-06,164.332,0.248287
67,1786621,0.0755755,7.298e-06,170.82,0.253682
68,1868095,0.0786069,7.269e-06,172.312,0.266856
69,1952009,0.0824165,7.773e-06,173.882,0.280367
70,2038399,0.0869387,7.229e-06,172.978,0.298547
71,2127301,0.090267,7.792e-06,174.246,0.313695
72,2218751,0.0936397,7.265e-06,174.094,0.332053
73,2312785,0.0983182,7.913e-06,175.624,0.347853
74,2409439,0.103442,7.288e-06,176.468,0.365571
75,2508749,0.106735,7.043e-06,174.433,0.390257
76,2610751,0.11053,7.235e-06,175.857,0.40818
77,2715481,0.115369,7.333e-06,179.075,0.422385
78,2822975,0.12147,7.66e-06,178.434,0.446378
79,2933269,0.125671,7.931e-06,179.477,0.467006
80,3046399,0.129345,7.61e-06,179.795,0.490257
81,3162401,0.135062,7.343e-06,180.82,0.512336
82,3281311,0.140711,7.118e-06,181.096,0.537315
83,3403225,0.145619,7.297e-06,178.525,0.572159
84,3527999,0.150647,7.824e-06,179.127,0.59824
85,3655849,0.156114,7.887e-06,180.612,0.622108
86,3786723,0.162595,7.03e-06,181.236,0.649686
87,3920741,0.168625,7.676e-06,181.336,0.680089
88,4057855,0.173512,7.26e-06,180.397,0.715635
89,4198129,0.180118,7.075e-06,182.036,0.742009
90,4341599,0.187477,7.608e-06,182.283,0.774901
91,4488277,0.193695,7.35e-06,182.281,0.809952
92,4638271,0.199733,7.365e-06,182.329,0.845957
93,4791545,0.206363,7.439e-06,182.894,0.880642
94,4948123,0.214379,7.415e-06,183.007,0.918599
95,5108149,0.220236,7.299e-06,182.714,0.959888
96,5271551,0.228606,7.585e-06,182.506,1.00212
97,5438401,0.237027,9.703e-06,181.623,1.04964
98,5608735,0.245314,7.595e-06,182.096,1.09079
99,5782589,0.252653,7.458e-06,182.216,1.13529
100,5959967,0.259506,7.361e-06,181.886,1.18403
101,6141001,0.268457,7.046e-06,182.662,1.22692
102,6325631,0.2789,7.75e-06,182.539,1.27713
103,6513925,0.286632,7.303e-06,182.238,1.33018
104,6705919,0.29416,7.524e-06,181.918,1.38507
105,6901649,0.303644,7.57e-06,183.064,1.43014
106,7101151,0.314248,1.2474e-05,183.112,1.48506
107,7304461,0.32253,7.367e-06,183.35,1.53994
108,7511615,0.331029,7.52e-06,183.778,1.59464
109,7722641,0.341079,7.803e-06,183.745,1.65486
110,7937599,0.352924,9.239e-06,184.138,1.71281
111,8156501,0.36135,8.001e-06,184.16,1.77578
112,8379391,0.370698,7.157e-06,184.655,1.83575
113,8606305,0.380018,7.573e-06,183.709,1.91203
114,8837279,0.391978,7.435e-06,183.925,1.97835
115,9072349,0.401134,7.569e-06,183.907,2.04892
116,9311551,0.411214,7.405e-06,183.556,2.12523
117,9554921,0.423477,7.713e-06,183.868,2.19579
118,9802495,0.436297,7.719e-06,183.968,2.27063
119,10054309,0.446439,7.377e-06,183.824,2.35048
120,10310399,0.457134,7.599e-06,184.438,2.42245
121,10570801,0.469878,7.585e-06,183.845,2.51234
122,10835551,0.483986,7.678e-06,184.167,2.59194
123,11104677,0.495328,7.22e-06,184.202,2.67752
124,11378239,0.506961,7.86e-06,184.244,2.76508
