10,5599,0.00750067,8.296e-06,3.59011,0.00441145,0.0206077
11,7496,0.00880671,7.595e-06,5.40989,0.00430753,0.021887
12,9785,0.00904978,8.158e-06,7.72318,0.00429323,0.0190242
13,12498,0.0097069,7.905e-06,10.359,0.00442596,0.020238
14,15675,0.0118107,8.28e-06,13.8013,0.00448422,0.0212452
15,19342,0.0144444,8.124e-06,17.1327,0.00477339,0.0230211
16,23541,0.0173174,7.776e-06,20.3915,0.00520443,0.0242556
17,28307,0.020392,8.075e-06,23.4792,0.00577266,0.026019
18,33677,0.0242218,7.772e-06,29.1009,0.00586507,0.02738
19,39686,0.0280511,8.14e-06,32.8991,0.0064514,0.0292547
20,46370,0.0324855,7.79e-06,38.4435,0.00678856,0.0305224
21,53762,0.0377492,7.984e-06,42.5859,0.00745871,0.032591
22,61905,0.0432091,8.167e-06,50.2946,0.00761672,0.0342668
23,70832,0.0487727,7.834e-06,55.3691,0.00827455,0.0359081
24,80584,0.0551283,8.126e-06,63.4726,0.00856732,0.0372379
25,91187,0.0623722,8.624e-06,72.0093,0.00889985,0.0386332
26,102684,0.0696827,8.202e-06,81.0944,0.00925369,0.0403723
27,115111,0.077957,8.218e-06,89.0861,0.00980473,0.042575
28,128506,0.0867039,8.023e-06,73.013,0.0138479,0.0621063
29,142901,0.0961111,8.159e-06,75.5913,0.0154031,0.0654109
30,158338,0.106256,8.366e-06,83.1676,0.0160451,0.0678436
31,174835,0.116912,8.554e-06,90.9472,0.0167396,0.0713675
32,192455,0.128474,8.784e-06,98.0578,0.0176397,0.0733785
33,211209,0.140653,7.998e-06,101.119,0.0193574,0.0769926
34,231153,0.153658,7.978e-06,105.284,0.0209616,0.0815493
35,252313,0.167313,8.098e-06,85.9572,0.0288467,0.105118
36,274722,0.182479,7.812e-06,85.8154,0.0323567,0.114044
37,298401,0.197243,8.381e-06,88.2516,0.0351223,0.121413
38,323433,0.21352,8.529e-06,89.5569,0.0385246,0.130691
39,349811,0.230555,7.881e-06,94.4795,0.0405321,0.136722
40,377569,0.248471,8.359e-06,88.1157,0.0481079,0.160153
41,406801,0.267305,8.084e-06,91.0476,0.0514138,0.166173
42,437466,0.287147,8.038e-06,93.0534,0.0554141,0.172734
43,469645,0.307912,8.591e-06,97.1917,0.05831,0.179297
44,503359,0.33042,8.156e-06,92.9723,0.066848,0.211083
45,538643,0.353375,8.354e-06,95.9424,0.0708915,0.220268
46,575551,0.376799,8.067e-06,98.4866,0.0754282,0.229282
47,614101,0.400969,8.348e-06,98.8253,0.0819444,0.255067
48,654329,0.42688,7.65e-06,97.4756,0.090401,0.267828
49,696289,0.453754,8.177e-06,100.666,0.0950862,0.280862
50,739999,0.481746,8.642e-06,104.421,0.0994055,0.309616
51,785501,0.511143,8.159e-06,102.656,0.109474,0.325533
52,832831,0.54154,8.102e-06,106.042,0.114563,0.335002
53,882025,0.574209,8.037e-06,104.787,0.125141,0.372629
54,933119,0.607091,7.983e-06,107.181,0.13187,0.397354
55,986149,0.642557,7.945e-06,108.107,0.140725,0.422916
56,1041151,0.676011,8.155e-06,108.282,0.151026,0.453321
57,1098161,0.712494,8.512e-06,111.026,0.158128,0.482922
58,1157215,0.75148,8.166e-06,110.11,0.17096,0.507678
59,1218349,0.790399,8.399e-06,112.504,0.179194,0.545622
60,1281599,0.830625,8.28e-06,112.807,0.191171,0.571069
61,1347001,0.873727,8.196e-06,115.04,0.200305,0.610213
62,1414591,0.918338,8.193e-06,114.163,0.215442,0.640677
63,1484405,0.961392,7.838e-06,115.557,0.226943,0.681771
64,1556479,1.008,8.557e-06,118.125,0.236479,0.703297
65,1630849,1.05623,8.601e-06,118.042,0.25182,0.757236
66,1707551,1.10459,8.191e-06,119.027,0.265499,0.802391
67,1786621,1.15552,8.028e-06,119.596,0.280654,0.847268
68,1868095,1.20872,8.05e-06,120.399,0.295841,0.896172
69,1952009,1.26262,8.151e-06,121.308,0.311319,0.951731
70,2038399,1.31747,8.319e-06,118.979,0.336257,0.999969
71,2127301,1.37759,8.161e-06,122.943,0.344452,1.04932
72,2218751,1.43375,8.325e-06,124.556,0.359596,1.10167
73,2312785,1.49415,8.45e-06,124.624,0.379827,1.14594
74,2409439,1.55579,8.277e-06,124.273,0.402247,1.21283
75,2508749,1.61898,1.3293e-05,125.121,0.421601,1.2764
76,2610751,1.68448,8.12e-06,126.604,0.43938,1.34378
77,2715481,1.75203,8.304e-06,127.816,0.45862,1.40964
78,2822975,1.82078,2.4041e-05,127.404,0.484518,1.48911
79,2933269,1.90817,1.3092e-05,128.081,0.507202,1.55834
80,3046399,1.96406,1.3132e-05,130.145,0.524964,1.60933
81,3162401,2.05646,1.3064e-05,129.754,0.553418,1.69268
82,3281311,2.13312,1.2654e-05,130.075,0.579876,1.7738
83,3403165,2.19286,1.2341e-05,130.386,0.60728,1.85818
84,3527999,2.27329,1.2335e-05,131.267,0.63286,1.94695
85,3655849,2.35524,1.2235e-05,130.705,0.666444,2.04642
86,3786751,2.4379,1.2662e-05,131.174,0.695922,2.1622
87,3920741,2.52453,1.2614e-05,131.942,0.72467,2.24959
88,4057855,2.6118,1.201e-05,132.548,0.755157,2.34524
89,4198129,2.7023,1.2249e-05,132.371,0.791188,2.45124
90,4341599,2.79322,1.1755e-05,132.957,0.82376,2.55281
91,4488301,2.88758,1.2352e-05,132.833,0.861854,2.66435
92,4638271,2.98485,1.2292e-05,133.172,0.898132,2.78885
93,4791545,3.08295,1.2443e-05,133.046,0.938777,2.91185
94,4948159,3.18346,1.2426e-05,133.486,0.976644,3.03499
95,5108149,3.28521,1.195e-05,133.875,1.01598,3.15344
96,5271551,3.39084,1.227e-05,136.479,1.03929,3.26886
97,5438401,3.49823,1.256e-05,133.639,1.10636,3.42906
98,5608735,3.60687,1.2492e-05,133.682,1.15239,3.56452
99,5782589,3.71858,1.267e-05,133.366,1.20307,3.71943
100,5959999,3.83132,1.2496e-05,133.668,1.24966,3.86636
101,6141001,3.94814,1.2116e-05,134.259,1.29476,4.02065
102,6325631,4.06632,1.2364e-05,133.599,1.35353,4.17668
103,6513925,4.18895,1.2552e-05,133.801,1.40534,4.34914
104,6705919,4.31071,1.2351e-05,134.116,1.45736,4.50586
105,6901649,4.43587,1.2639e-05,134.626,1.50858,4.68067
106,7101151,4.56355,1.2354e-05,134.135,1.57268,4.87329
107,7304461,4.69444,1.2431e-05,133.885,1.63601,5.05437
108,7511615,4.82639,1.2445e-05,134.676,1.68815,5.23659
109,7722649,4.96251,1.2418e-05,134.56,1.75314,5.43842
110,7937599,5.09952,1.2492e-05,134.72,1.81629,5.63655
111,8156501,5.24062,1.3033e-05,134.99,1.87956,5.83432
112,8379391,5.38435,1.2494e-05,136.461,1.92731,6.02409
113,8606305,5.52946,1.2401e-05,135.288,2.01447,6.26224
114,8837279,5.6763,1.2538e-05,135.291,2.08678,6.4843
115,9072349,5.82891,1.366e-05,135.065,2.16469,6.7197
116,9311551,5.98052,1.31e-05,135.725,2.23016,6.94119
117,9554921,6.1366,1.3624e-05,135.735,2.308,7.18382
118,9802495,6.29541,1.3586e-05,135.865,2.38573,7.4221
119,10054309,6.45759,1.3634e-05,135.763,2.46959,7.69035
120,10310399,6.62084,1.3307e-05,136.434,2.5412,7.9278
121,10570801,6.7886,1.2493e-05,135.724,2.64082,8.21076
122,10835551,6.95902,1.3143e-05,135.923,2.72531,8.47553
123,11104685,7.13183,1.292e-05,135.989,2.81452,8.76181
124,11378239,7.30752,1.2955e-05,136.123,2.9044,9.02991
